105878.00 14879733.00 12.33 0.32
76766.00 28004930.00 12.70 0.12
103964.00 28150451.00 7.01 0.55
74324.00 28150451.00 21.76 0.55
10398.00 28150451.00 27.23 0.55
42489.00 28150451.00 22.80 0.55
8393.00 28150451.00 22.78 0.55
61013.00 28150451.00 22.80 0.55
73934.00 28150451.00 22.72 0.55
93806.00 28150451.00 23.08 0.55
11958.00 28150451.00 4.06 0.55
6053.00 28150451.00 4.28 0.55
38690.00 28377531.00 15.32 100.00
31438.00 28150451.00 13.86 0.55
48841.00 28150451.00 4.58 0.55
24468.00 28150451.00 10.66 0.55
12043.00 28150451.00 17.27 0.55
167.00 28150451.00 17.34 0.55
44600.00 28150451.00 17.22 0.55
11881.00 28150451.00 3.96 0.55
79700.00 28150451.00 7.31 0.55
94157.00 28150451.00 2.72 0.55
81664.00 28150451.00 1.75 0.55
18357.00 28150451.00 2.38 0.55
46374.00 28150451.00 3.26 0.55
55372.00 28150451.00 3.30 0.55
25791.00 28150451.00 3.26 0.55
49049.00 28150451.00 3.30 0.55
52244.00 28150451.00 3.26 0.55
91185.00 28150451.00 12.90 0.55
66687.00 28150451.00 15.20 0.55
63769.00 28150451.00 3.35 0.55
14616.00 28150451.00 3.41 0.55
98694.00 28150451.00 3.35 0.55
91852.00 28150451.00 3.41 0.55
105768.00 28150451.00 3.35 0.55
32606.00 28150451.00 3.41 0.55
15868.00 28150451.00 3.35 0.55
68624.00 28150451.00 3.41 0.55
71804.00 28150451.00 3.35 0.55
89290.00 28150451.00 3.41 0.55
4072.00 28150451.00 3.35 0.55
32921.00 28150451.00 3.41 0.55
26894.00 28150451.00 3.35 0.55
13446.00 28150451.00 3.41 0.55
95092.00 28150451.00 3.35 0.55
39469.00 28150451.00 3.41 0.55
17860.00 28150451.00 3.35 0.55
4451.00 28150451.00 3.41 0.55
25779.00 28150451.00 3.35 0.55
20411.00 28150451.00 3.41 0.55
32597.00 28150451.00 3.35 0.55
52422.00 28150451.00 3.41 0.55
87514.00 28150451.00 3.35 0.55
68474.00 28150451.00 3.41 0.55
72416.00 28150451.00 3.35 0.55
89861.00 28150451.00 3.41 0.55
61046.00 28150451.00 3.35 0.55
61318.00 28150451.00 3.41 0.55
48358.00 28150451.00 3.35 0.55
101218.00 28150451.00 3.41 0.55
7994.00 28150451.00 3.35 0.55
37750.00 28150451.00 3.41 0.55
38953.00 28150451.00 3.35 0.55
16826.00 28150451.00 3.41 0.55
45955.00 28150451.00 3.35 0.55
37706.00 28150451.00 3.41 0.55
34671.00 28150451.00 3.35 0.55
65495.00 28150451.00 3.41 0.55
42340.00 28150451.00 3.35 0.55
9582.00 28150451.00 3.41 0.55
66532.00 28150451.00 3.35 0.55
79688.00 28150451.00 3.41 0.55
36479.00 28150451.00 3.35 0.55
103371.00 28150451.00 3.41 0.55
45056.00 28150451.00 3.35 0.55
40176.00 28150451.00 3.41 0.55
92257.00 28150451.00 3.35 0.55
2795.00 28150451.00 3.41 0.55
100440.00 28150451.00 3.35 0.55
415.00 28150451.00 3.41 0.55
73696.00 28150451.00 3.35 0.55
9639.00 28150451.00 3.41 0.55
22455.00 28150451.00 3.35 0.55
31297.00 28150451.00 3.41 0.55
23494.00 28150451.00 3.35 0.55
81941.00 28150451.00 3.41 0.55
77254.00 28150451.00 3.35 0.55
9108.00 28150451.00 3.41 0.55
59177.00 28150451.00 3.35 0.55
66849.00 28150451.00 3.41 0.55
73179.00 28150451.00 3.35 0.55
69238.00 28150451.00 3.41 0.55
100294.00 28150451.00 3.35 0.55
34590.00 28150451.00 2.19 0.55
43366.00 28150451.00 9.38 0.55
19184.00 28150451.00 3.92 0.55
105278.00 28150451.00 3.49 0.55
25512.00 28150451.00 8.91 0.55
100320.00 28150451.00 3.23 0.55
89116.00 28150451.00 6.86 0.55
40066.00 28150451.00 13.67 0.55
86989.00 28150451.00 8.77 0.55
42033.00 28150451.00 8.83 0.55
83536.00 28150451.00 8.77 0.55
30579.00 28150451.00 8.83 0.55
1462.00 28150451.00 8.77 0.55
31781.00 28150451.00 8.83 0.55
29177.00 28150451.00 8.77 0.55
51814.00 28150451.00 8.83 0.55
91250.00 28150451.00 8.77 0.55
55374.00 28150451.00 8.83 0.55
65447.00 28150451.00 8.77 0.55
78059.00 28150451.00 8.83 0.55
3169.00 28150451.00 8.77 0.55
12701.00 28150451.00 8.83 0.55
73063.00 28150451.00 8.77 0.55
17674.00 28150451.00 8.83 0.55
74960.00 28150451.00 8.77 0.55
98791.00 28150451.00 8.83 0.55
95475.00 28150451.00 8.77 0.55
35118.00 28150451.00 8.83 0.55
88440.00 28150451.00 8.77 0.55
102672.00 28150451.00 14.13 0.55
93995.00 28150451.00 4.75 0.55
52533.00 28150451.00 7.33 0.55
94562.00 28150451.00 9.22 0.55
102992.00 28150451.00 11.64 0.55
13079.00 28150451.00 10.56 0.55
26098.00 28150451.00 13.94 0.55
107624.00 28150451.00 6.62 0.55
31431.00 28150451.00 6.60 0.55
37537.00 28150451.00 10.33 0.55
39089.00 28150451.00 10.41 0.55
62803.00 28150451.00 10.33 0.55
97363.00 28150451.00 10.41 0.55
105125.00 28150451.00 10.33 0.55
47181.00 28150451.00 10.41 0.55
80697.00 28150451.00 10.33 0.55
56098.00 28150451.00 10.41 0.55
72789.00 28150451.00 10.33 0.55
12887.00 28150451.00 10.41 0.55
1832.00 28150451.00 10.33 0.55
101198.00 28150451.00 10.41 0.55
9543.00 28150451.00 10.33 0.55
44734.00 28150451.00 10.41 0.55
90461.00 28150451.00 17.56 0.55
71107.00 28150451.00 9.35 0.55
96558.00 28150451.00 7.84 0.55
89652.00 28004930.00 11.08 0.12
14423.00 28150451.00 11.07 0.55
95674.00 14879733.00 15.88 0.32
61637.00 28150451.00 12.81 0.55
27660.00 14879733.00 15.58 0.32
105766.00 28150451.00 12.09 0.55
31384.00 28150451.00 10.58 0.55
100870.00 28004930.00 11.30 0.12
42972.00 28150451.00 9.72 0.55
61761.00 28004930.00 13.52 0.12
45931.00 28150451.00 13.70 0.55
39332.00 28150451.00 10.67 0.55
67488.00 28004930.00 8.01 0.12
42299.00 28150451.00 12.70 0.55
75502.00 28150451.00 13.46 0.55
56438.00 28150451.00 11.44 0.55
29940.00 14879733.00 15.36 0.32
84372.00 28150451.00 12.37 0.55
47308.00 28150451.00 12.47 0.55
102972.00 28150451.00 11.26 0.55
21538.00 14879733.00 14.01 0.32
1093.00 14879733.00 13.32 0.32
76584.00 28150451.00 13.99 0.55
83959.00 28150451.00 11.94 0.55
25167.00 28004930.00 6.55 0.12
8193.00 28004930.00 14.57 0.12
45867.00 14879733.00 12.70 0.32
80694.00 28004930.00 5.74 0.12
50560.00 28150451.00 12.81 0.55
70979.00 28150451.00 12.99 0.55
67589.00 28150451.00 13.46 0.55
82244.00 14879733.00 18.39 0.32
97637.00 28150451.00 15.07 0.55
65535.00 28150451.00 14.63 0.55
24929.00 28150451.00 15.08 0.55
81647.00 28150451.00 14.30 0.55
41701.00 14879733.00 13.28 0.32
92918.00 14879733.00 13.18 0.32
61018.00 14879733.00 13.28 0.32
12870.00 14879733.00 13.18 0.32
24262.00 14879733.00 13.28 0.32
52572.00 14879733.00 13.18 0.32
86919.00 14879733.00 13.28 0.32
51077.00 14879733.00 13.18 0.32
35539.00 14879733.00 13.28 0.32
37467.00 14879733.00 13.18 0.32
18957.00 14879733.00 13.28 0.32
79304.00 14879733.00 13.18 0.32
24467.00 14879733.00 13.28 0.32
19048.00 14879733.00 13.18 0.32
6516.00 14879733.00 13.28 0.32
60683.00 14879733.00 13.18 0.32
62245.00 14879733.00 13.28 0.32
32129.00 14879733.00 13.18 0.32
95168.00 14879733.00 13.28 0.32
91716.00 14879733.00 13.18 0.32
84942.00 14879733.00 13.28 0.32
100862.00 28150451.00 15.28 0.55
92124.00 28004930.00 15.35 0.12
50582.00 28004930.00 12.21 0.12
10771.00 14879733.00 12.33 0.32
11911.00 14879733.00 12.24 0.32
85578.00 14879733.00 12.33 0.32
45250.00 14879733.00 12.24 0.32
78674.00 14879733.00 12.33 0.32
42690.00 14879733.00 12.24 0.32
27328.00 14879733.00 12.33 0.32
63381.00 14879733.00 12.24 0.32
77746.00 14879733.00 12.33 0.32
54026.00 14879733.00 12.24 0.32
31328.00 14879733.00 12.33 0.32
86753.00 14879733.00 12.24 0.32
58443.00 14879733.00 12.33 0.32
76177.00 14879733.00 12.24 0.32
54921.00 14879733.00 12.33 0.32
54232.00 14879733.00 12.24 0.32
61947.00 14879733.00 12.33 0.32
17103.00 14879733.00 12.24 0.32
29106.00 14879733.00 12.33 0.32
24027.00 14879733.00 12.24 0.32
29988.00 14879733.00 12.33 0.32
8650.00 14879733.00 12.24 0.32
106948.00 14879733.00 12.33 0.32
40224.00 14879733.00 12.24 0.32
94291.00 14879733.00 12.33 0.32
35959.00 14879733.00 12.24 0.32
80003.00 14879733.00 12.33 0.32
6084.00 14879733.00 12.24 0.32
74174.00 14879733.00 12.33 0.32
16402.00 14879733.00 12.24 0.32
73916.00 14879733.00 12.33 0.32
99412.00 14879733.00 12.24 0.32
11516.00 14879733.00 12.33 0.32
30460.00 14879733.00 12.24 0.32
81536.00 14879733.00 12.33 0.32
7780.00 14879733.00 12.24 0.32
14268.00 14879733.00 12.33 0.32
43670.00 14879733.00 12.24 0.32
107358.00 14879733.00 12.33 0.32
94346.00 14879733.00 12.24 0.32
72373.00 14879733.00 12.33 0.32
90107.00 14879733.00 12.24 0.32
23888.00 14879733.00 12.33 0.32
105124.00 28150451.00 14.84 0.55
27100.00 5398294.00 19.90 33.33
4437.00 5398294.00 19.79 33.33
31699.00 5398294.00 19.90 33.33
34135.00 14879733.00 10.05 0.32
87626.00 212505806.00 10.54 3.57
104998.00 28150451.00 16.01 0.55
5552.00 28004930.00 16.02 0.12
84376.00 28150451.00 16.01 0.55
81705.00 28004930.00 16.02 0.12
43738.00 28150451.00 16.01 0.55
102645.00 28004930.00 16.02 0.12
82428.00 28150451.00 16.01 0.55
30474.00 28004930.00 16.02 0.12
79663.00 28150451.00 16.01 0.55
41691.00 28004930.00 16.02 0.12
5535.00 28150451.00 16.01 0.55
50545.00 28004930.00 16.02 0.12
98315.00 28150451.00 16.01 0.55
27858.00 28150451.00 16.01 0.55
15378.00 28004930.00 16.02 0.12
77144.00 28150451.00 16.01 0.55
8398.00 28004930.00 16.02 0.12
47164.00 28150451.00 16.01 0.55
67578.00 28004930.00 15.80 0.12
73175.00 28004930.00 15.78 0.12
55877.00 28004930.00 15.80 0.12
54462.00 28004930.00 15.78 0.12
88607.00 28004930.00 15.80 0.12
61337.00 28004930.00 15.78 0.12
4585.00 28004930.00 15.80 0.12
60981.00 28004930.00 15.78 0.12
55019.00 28004930.00 15.80 0.12
97298.00 28004930.00 15.78 0.12
90368.00 28004930.00 15.80 0.12
72818.00 28004930.00 15.78 0.12
43703.00 28004930.00 15.80 0.12
32057.00 28004930.00 15.78 0.12
89047.00 28004930.00 15.80 0.12
74678.00 28004930.00 15.78 0.12
75167.00 28004930.00 15.80 0.12
24887.00 28004930.00 15.78 0.12
4328.00 28004930.00 15.80 0.12
49428.00 28004930.00 15.78 0.12
91153.00 28004930.00 15.80 0.12
19474.00 28004930.00 15.78 0.12
68251.00 28004930.00 15.80 0.12
100212.00 28004930.00 15.78 0.12
77654.00 28004930.00 15.80 0.12
37371.00 28004930.00 15.78 0.12
20084.00 28004930.00 15.80 0.12
60630.00 28004930.00 15.78 0.12
92520.00 28004930.00 15.80 0.12
75884.00 28004930.00 15.78 0.12
47815.00 28004930.00 15.80 0.12
6864.00 28004930.00 15.78 0.12
80615.00 28004930.00 15.80 0.12
32674.00 28004930.00 15.78 0.12
77684.00 28004930.00 15.80 0.12
104890.00 28004930.00 15.78 0.12
83050.00 28004930.00 15.80 0.12
99283.00 28004930.00 15.78 0.12
47790.00 28004930.00 15.80 0.12
55453.00 28004930.00 15.78 0.12
87151.00 28004930.00 15.80 0.12
72940.00 28004930.00 15.78 0.12
56149.00 28004930.00 15.80 0.12
98054.00 28004930.00 15.78 0.12
24924.00 28004930.00 15.80 0.12
985.00 28004930.00 15.78 0.12
97202.00 28004930.00 15.80 0.12
101970.00 28004930.00 15.78 0.12
17632.00 28004930.00 15.80 0.12
21940.00 28004930.00 15.78 0.12
101960.00 28004930.00 15.80 0.12
76601.00 28004930.00 15.78 0.12
76598.00 28004930.00 15.80 0.12
38584.00 28004930.00 15.78 0.12
44120.00 28004930.00 15.80 0.12
101325.00 28004930.00 15.78 0.12
30624.00 28004930.00 15.80 0.12
77460.00 28004930.00 15.78 0.12
83530.00 28004930.00 15.80 0.12
60902.00 28004930.00 15.78 0.12
55708.00 28004930.00 15.80 0.12
103007.00 28004930.00 15.78 0.12
95481.00 28004930.00 15.80 0.12
8813.00 28004930.00 15.78 0.12
82001.00 28004930.00 15.80 0.12
43972.00 28004930.00 15.78 0.12
53415.00 28004930.00 15.80 0.12
73536.00 28004930.00 15.78 0.12
25911.00 28004930.00 15.80 0.12
63221.00 28004930.00 15.78 0.12
42457.00 28004930.00 15.80 0.12
62644.00 28004930.00 15.78 0.12
77983.00 28004930.00 15.80 0.12
7148.00 28004930.00 15.78 0.12
104007.00 28004930.00 15.80 0.12
54566.00 28004930.00 15.78 0.12
62678.00 28004930.00 15.80 0.12
102116.00 28004930.00 15.78 0.12
69397.00 28004930.00 15.80 0.12
7267.00 28004930.00 15.78 0.12
107281.00 28004930.00 15.80 0.12
1965.00 28004930.00 15.78 0.12
95325.00 28004930.00 15.80 0.12
91788.00 28004930.00 15.78 0.12
87193.00 28004930.00 15.80 0.12
95442.00 28004930.00 15.78 0.12
15539.00 28004930.00 15.80 0.12
9074.00 28004930.00 7.39 0.12
65173.00 212505806.00 7.85 3.57
85421.00 28004930.00 8.52 0.12
69288.00 212505806.00 8.46 3.57
16014.00 28150451.00 15.76 0.55
103018.00 28004930.00 16.21 0.12
85003.00 14879733.00 14.93 0.32
55385.00 28004930.00 1.67 0.12
38507.00 28004930.00 12.85 0.12
84415.00 28004930.00 9.79 0.12
45378.00 212505806.00 5.09 3.57
98960.00 212505806.00 4.98 3.57
51321.00 28004930.00 13.72 0.12
958.00 28004930.00 7.20 0.12
34701.00 28004930.00 14.41 0.12
37413.00 28004930.00 2.59 0.12
31164.00 28004930.00 3.89 0.12
74470.00 28004930.00 11.46 0.12
58980.00 28004930.00 3.86 0.12
49088.00 212505806.00 4.56 3.57
105350.00 212505806.00 4.45 3.57
38484.00 212505806.00 4.56 3.57
85673.00 212505806.00 4.45 3.57
42267.00 28004930.00 6.57 0.12
57557.00 28004930.00 3.67 0.12
19404.00 14879733.00 17.47 0.32
101220.00 28004930.00 10.84 0.12
14650.00 28004930.00 3.29 0.12
63766.00 28004930.00 3.27 0.12
30873.00 14879733.00 8.40 0.32
106958.00 28004930.00 16.89 0.12
57138.00 28004930.00 2.98 0.12
2570.00 28004930.00 2.98 0.12
105394.00 28004930.00 2.98 0.12
11463.00 28004930.00 2.98 0.12
31783.00 28004930.00 2.98 0.12
4829.00 28004930.00 2.98 0.12
56374.00 28004930.00 2.98 0.12
36012.00 28004930.00 2.98 0.12
42599.00 28004930.00 2.98 0.12
39997.00 28004930.00 2.98 0.12
33463.00 28004930.00 2.98 0.12
70185.00 28004930.00 2.98 0.12
1455.00 28004930.00 2.98 0.12
71818.00 28004930.00 2.98 0.12
108.00 28004930.00 2.98 0.12
42641.00 28004930.00 2.98 0.12
106346.00 28004930.00 2.98 0.12
69258.00 28004930.00 2.98 0.12
20898.00 28004930.00 2.98 0.12
58756.00 28004930.00 2.98 0.12
66959.00 28004930.00 2.98 0.12
64696.00 28004930.00 2.98 0.12
15273.00 28004930.00 2.98 0.12
71741.00 28004930.00 2.98 0.12
67263.00 28004930.00 2.98 0.12
43616.00 28004930.00 2.98 0.12
62718.00 28004930.00 2.98 0.12
59428.00 28004930.00 2.98 0.12
31660.00 28004930.00 2.98 0.12
4542.00 28004930.00 2.98 0.12
97477.00 28004930.00 2.98 0.12
1502.00 28004930.00 2.98 0.12
57077.00 28004930.00 2.98 0.12
65114.00 28004930.00 2.98 0.12
88801.00 28004930.00 2.98 0.12
53926.00 28004930.00 2.98 0.12
47558.00 28004930.00 2.98 0.12
44388.00 28004930.00 2.98 0.12
27552.00 28004930.00 2.98 0.12
71630.00 28004930.00 2.98 0.12
40202.00 28004930.00 2.98 0.12
106885.00 28004930.00 2.98 0.12
58667.00 28004930.00 2.98 0.12
90144.00 28004930.00 2.98 0.12
28774.00 28004930.00 2.98 0.12
89061.00 28004930.00 2.99 0.12
49725.00 28004930.00 2.98 0.12
14206.00 28004930.00 2.99 0.12
5662.00 28004930.00 3.15 0.12
83673.00 28004930.00 3.15 0.12
97473.00 28004930.00 3.15 0.12
80243.00 28004930.00 3.15 0.12
95209.00 28004930.00 3.15 0.12
49062.00 28004930.00 3.15 0.12
13389.00 28004930.00 3.15 0.12
15646.00 28004930.00 3.15 0.12
9400.00 28004930.00 3.15 0.12
54394.00 28004930.00 3.15 0.12
103086.00 28004930.00 3.15 0.12
83312.00 28004930.00 3.15 0.12
6396.00 28004930.00 3.15 0.12
7896.00 28004930.00 3.15 0.12
13246.00 28004930.00 3.15 0.12
76457.00 28004930.00 3.15 0.12
20283.00 28004930.00 3.15 0.12
61633.00 28004930.00 3.15 0.12
106688.00 28004930.00 3.15 0.12
105231.00 28004930.00 3.15 0.12
64908.00 28004930.00 3.15 0.12
21180.00 28004930.00 3.15 0.12
47978.00 28004930.00 3.15 0.12
18200.00 28004930.00 3.15 0.12
16602.00 28004930.00 3.15 0.12
7717.00 28004930.00 3.15 0.12
70738.00 28004930.00 3.15 0.12
106451.00 28004930.00 3.15 0.12
44148.00 28004930.00 3.15 0.12
1974.00 28004930.00 3.15 0.12
40316.00 28004930.00 3.15 0.12
84473.00 28004930.00 3.15 0.12
1178.00 28004930.00 3.15 0.12
65769.00 28004930.00 3.15 0.12
12351.00 28004930.00 3.15 0.12
106089.00 28004930.00 3.15 0.12
62226.00 28004930.00 3.15 0.12
10713.00 28004930.00 3.15 0.12
81539.00 28004930.00 3.15 0.12
62632.00 28004930.00 3.15 0.12
105225.00 28004930.00 3.15 0.12
95641.00 28004930.00 3.15 0.12
99970.00 28004930.00 3.15 0.12
57453.00 28004930.00 3.15 0.12
92471.00 28004930.00 3.15 0.12
86286.00 28004930.00 3.15 0.12
69312.00 28004930.00 3.15 0.12
40543.00 28004930.00 3.15 0.12
35372.00 28004930.00 3.15 0.12
5102.00 28004930.00 3.15 0.12
99946.00 28004930.00 3.15 0.12
84873.00 28004930.00 3.15 0.12
33683.00 28004930.00 3.15 0.12
75638.00 28004930.00 3.15 0.12
60552.00 28004930.00 3.15 0.12
42021.00 28004930.00 3.15 0.12
106460.00 28004930.00 3.15 0.12
49688.00 28004930.00 3.15 0.12
12773.00 28004930.00 3.15 0.12
19168.00 28004930.00 3.15 0.12
5725.00 28004930.00 3.15 0.12
71178.00 28004930.00 3.15 0.12
65149.00 28004930.00 3.15 0.12
18568.00 28004930.00 3.15 0.12
92103.00 28004930.00 3.15 0.12
84636.00 28004930.00 3.15 0.12
69294.00 28004930.00 3.15 0.12
4402.00 28004930.00 3.15 0.12
52201.00 28004930.00 3.15 0.12
97362.00 28004930.00 3.15 0.12
79226.00 28004930.00 3.15 0.12
79337.00 28004930.00 3.15 0.12
39915.00 28004930.00 3.15 0.12
24896.00 28004930.00 3.15 0.12
11399.00 28004930.00 3.15 0.12
95090.00 28004930.00 3.15 0.12
6844.00 28004930.00 3.15 0.12
48436.00 28004930.00 3.15 0.12
18658.00 28004930.00 3.15 0.12
88118.00 28004930.00 3.15 0.12
36933.00 28004930.00 3.15 0.12
39868.00 28004930.00 3.15 0.12
62059.00 28004930.00 3.15 0.12
74289.00 28004930.00 3.15 0.12
41752.00 28004930.00 3.15 0.12
51603.00 28004930.00 3.15 0.12
82890.00 28004930.00 3.15 0.12
48657.00 28004930.00 3.15 0.12
62981.00 28004930.00 3.15 0.12
16730.00 28004930.00 3.15 0.12
66816.00 28004930.00 3.15 0.12
61667.00 28004930.00 3.15 0.12
75610.00 28004930.00 3.15 0.12
20630.00 28004930.00 3.15 0.12
7443.00 28004930.00 3.15 0.12
586.00 28004930.00 3.15 0.12
60903.00 28004930.00 3.15 0.12
80481.00 28004930.00 3.15 0.12
3115.00 28004930.00 3.15 0.12
63478.00 28004930.00 3.15 0.12
68135.00 28004930.00 3.15 0.12
87190.00 28004930.00 3.15 0.12
48151.00 28004930.00 3.15 0.12
5865.00 28004930.00 3.15 0.12
63687.00 28004930.00 3.15 0.12
89784.00 28004930.00 3.15 0.12
47386.00 28004930.00 3.15 0.12
81362.00 28004930.00 3.15 0.12
82908.00 28004930.00 3.15 0.12
52187.00 28004930.00 3.15 0.12
58475.00 28004930.00 3.15 0.12
10913.00 28004930.00 3.15 0.12
62760.00 28004930.00 3.15 0.12
61632.00 28004930.00 3.15 0.12
107093.00 28004930.00 3.15 0.12
75809.00 28004930.00 3.15 0.12
36027.00 28004930.00 3.15 0.12
43077.00 28004930.00 3.15 0.12
58585.00 28004930.00 3.15 0.12
98333.00 28004930.00 3.15 0.12
78939.00 28004930.00 3.15 0.12
98808.00 28004930.00 3.15 0.12
105771.00 28004930.00 3.15 0.12
86618.00 28004930.00 3.15 0.12
75713.00 28004930.00 3.15 0.12
55085.00 28004930.00 3.15 0.12
73228.00 28004930.00 3.15 0.12
19284.00 28004930.00 3.15 0.12
50553.00 28004930.00 3.15 0.12
12316.00 28004930.00 3.15 0.12
47306.00 28004930.00 3.15 0.12
10988.00 28004930.00 3.15 0.12
89822.00 28004930.00 3.15 0.12
95968.00 28004930.00 3.15 0.12
14207.00 28004930.00 3.15 0.12
47359.00 28004930.00 3.15 0.12
45287.00 28004930.00 3.15 0.12
25977.00 28004930.00 3.15 0.12
97770.00 28004930.00 3.15 0.12
37355.00 28004930.00 3.15 0.12
42797.00 28004930.00 3.15 0.12
39582.00 28004930.00 3.15 0.12
101100.00 28004930.00 3.15 0.12
99016.00 28004930.00 3.15 0.12
90447.00 28004930.00 3.15 0.12
49400.00 28004930.00 3.15 0.12
48065.00 28004930.00 3.15 0.12
85515.00 28004930.00 3.15 0.12
101543.00 28004930.00 3.15 0.12
43722.00 28004930.00 3.15 0.12
52626.00 28004930.00 3.15 0.12
16221.00 28004930.00 3.15 0.12
54582.00 28004930.00 3.15 0.12
39460.00 28004930.00 3.15 0.12
51320.00 28004930.00 3.15 0.12
103112.00 28004930.00 3.15 0.12
66362.00 28004930.00 3.15 0.12
49703.00 28004930.00 3.15 0.12
83970.00 28004930.00 3.15 0.12
14119.00 28004930.00 3.15 0.12
57730.00 28004930.00 3.15 0.12
17148.00 28004930.00 3.15 0.12
69942.00 28004930.00 3.15 0.12
101010.00 28004930.00 3.15 0.12
28.00 28004930.00 3.15 0.12
19855.00 28004930.00 3.15 0.12
11496.00 28004930.00 3.15 0.12
37529.00 28004930.00 3.15 0.12
50794.00 28004930.00 3.15 0.12
81084.00 28004930.00 3.15 0.12
59185.00 28004930.00 3.15 0.12
107582.00 28004930.00 3.15 0.12
92776.00 28004930.00 3.15 0.12
64783.00 28004930.00 3.15 0.12
99870.00 28004930.00 3.15 0.12
30430.00 28004930.00 3.15 0.12
87694.00 28004930.00 3.15 0.12
53567.00 28004930.00 3.15 0.12
76653.00 28004930.00 3.15 0.12
69364.00 28004930.00 3.15 0.12
9046.00 28004930.00 3.15 0.12
29326.00 28004930.00 3.15 0.12
11171.00 28004930.00 3.15 0.12
42134.00 28004930.00 3.15 0.12
48146.00 28004930.00 3.15 0.12
70380.00 28004930.00 3.15 0.12
82610.00 28004930.00 3.15 0.12
87253.00 28004930.00 3.15 0.12
55829.00 28004930.00 3.15 0.12
29712.00 28004930.00 3.15 0.12
97621.00 28004930.00 3.15 0.12
59743.00 28004930.00 3.15 0.12
42945.00 28004930.00 3.15 0.12
14921.00 28004930.00 3.15 0.12
88031.00 28004930.00 3.15 0.12
65811.00 28004930.00 3.15 0.12
23085.00 28004930.00 3.15 0.12
35902.00 28004930.00 3.15 0.12
36200.00 28004930.00 3.15 0.12
38650.00 28004930.00 3.15 0.12
73030.00 28004930.00 3.15 0.12
55985.00 28004930.00 3.15 0.12
27609.00 28004930.00 3.15 0.12
62725.00 28004930.00 3.15 0.12
43210.00 28004930.00 3.15 0.12
2257.00 28004930.00 3.15 0.12
55015.00 28004930.00 3.15 0.12
50080.00 28004930.00 3.15 0.12
93171.00 28004930.00 3.15 0.12
50775.00 28004930.00 3.15 0.12
94255.00 28004930.00 3.15 0.12
19552.00 28004930.00 3.15 0.12
27671.00 28004930.00 3.15 0.12
63584.00 28004930.00 3.15 0.12
102466.00 28004930.00 3.15 0.12
45743.00 28004930.00 3.15 0.12
23746.00 28004930.00 3.15 0.12
105030.00 28004930.00 3.15 0.12
33564.00 28004930.00 3.15 0.12
96462.00 28004930.00 3.15 0.12
90504.00 28004930.00 3.15 0.12
39739.00 28004930.00 3.15 0.12
81869.00 28004930.00 3.15 0.12
20054.00 28004930.00 3.15 0.12
83740.00 28004930.00 3.15 0.12
6404.00 28004930.00 3.15 0.12
95759.00 28004930.00 3.15 0.12
96697.00 28004930.00 3.15 0.12
84208.00 28004930.00 3.15 0.12
8283.00 28004930.00 3.15 0.12
71461.00 28004930.00 3.15 0.12
74988.00 28004930.00 3.15 0.12
26023.00 28004930.00 3.15 0.12
90958.00 28004930.00 3.15 0.12
46953.00 28004930.00 3.15 0.12
42405.00 28004930.00 3.15 0.12
29190.00 28004930.00 3.15 0.12
98091.00 28004930.00 3.15 0.12
65512.00 28004930.00 3.15 0.12
79667.00 28004930.00 3.15 0.12
100748.00 28004930.00 3.15 0.12
35883.00 28004930.00 3.15 0.12
47535.00 28004930.00 3.15 0.12
4565.00 28004930.00 3.15 0.12
85844.00 28004930.00 3.15 0.12
15678.00 28004930.00 3.15 0.12
102228.00 28004930.00 3.15 0.12
74847.00 28004930.00 3.15 0.12
91784.00 28004930.00 3.15 0.12
7223.00 28004930.00 3.15 0.12
55438.00 28004930.00 3.15 0.12
72077.00 28004930.00 3.15 0.12
27264.00 28004930.00 3.15 0.12
21411.00 28004930.00 3.15 0.12
33487.00 28004930.00 3.15 0.12
818.00 28004930.00 3.15 0.12
64093.00 28004930.00 3.15 0.12
26853.00 28004930.00 3.15 0.12
90298.00 28004930.00 3.15 0.12
64801.00 28004930.00 3.15 0.12
80970.00 28004930.00 3.15 0.12
25447.00 28004930.00 3.15 0.12
69693.00 28004930.00 3.15 0.12
50495.00 28004930.00 3.15 0.12
92470.00 28004930.00 3.15 0.12
105804.00 28004930.00 3.15 0.12
21654.00 28004930.00 3.15 0.12
9005.00 28004930.00 3.15 0.12
31124.00 28004930.00 3.15 0.12
84935.00 28004930.00 3.15 0.12
17492.00 28004930.00 3.15 0.12
1363.00 28004930.00 3.15 0.12
103961.00 28004930.00 3.15 0.12
99893.00 28004930.00 3.15 0.12
8537.00 28004930.00 3.15 0.12
56090.00 28004930.00 3.15 0.12
26191.00 28004930.00 3.15 0.12
5592.00 28004930.00 3.15 0.12
107703.00 28004930.00 3.15 0.12
54619.00 28004930.00 3.15 0.12
52842.00 28004930.00 3.15 0.12
52317.00 28004930.00 3.15 0.12
65913.00 28004930.00 3.15 0.12
38547.00 28004930.00 3.15 0.12
28265.00 28004930.00 3.15 0.12
59662.00 28004930.00 3.15 0.12
56697.00 28004930.00 3.15 0.12
7191.00 28004930.00 3.15 0.12
15085.00 28004930.00 3.15 0.12
93499.00 28004930.00 3.15 0.12
86431.00 28004930.00 3.15 0.12
60535.00 28004930.00 3.15 0.12
91097.00 28004930.00 3.15 0.12
26468.00 28004930.00 3.15 0.12
4145.00 28004930.00 3.15 0.12
58366.00 28004930.00 3.15 0.12
69551.00 28004930.00 3.15 0.12
57429.00 28004930.00 3.15 0.12
99532.00 28004930.00 3.15 0.12
92478.00 28004930.00 3.15 0.12
1644.00 28004930.00 3.15 0.12
29997.00 28004930.00 3.15 0.12
72753.00 28004930.00 3.15 0.12
11520.00 28004930.00 3.15 0.12
68530.00 28004930.00 3.15 0.12
23435.00 28004930.00 3.15 0.12
66526.00 28004930.00 3.15 0.12
23731.00 28004930.00 3.15 0.12
13342.00 28004930.00 3.15 0.12
44233.00 28004930.00 3.15 0.12
13505.00 28004930.00 3.15 0.12
45448.00 28004930.00 3.15 0.12
27670.00 28004930.00 3.15 0.12
32238.00 28004930.00 3.15 0.12
103832.00 28004930.00 3.15 0.12
43686.00 28004930.00 3.15 0.12
43617.00 28004930.00 3.15 0.12
54946.00 28004930.00 3.15 0.12
26346.00 28004930.00 3.15 0.12
16060.00 28004930.00 3.15 0.12
19305.00 28004930.00 3.15 0.12
59265.00 28004930.00 3.15 0.12
91265.00 28004930.00 3.15 0.12
48577.00 28004930.00 3.15 0.12
80359.00 28004930.00 3.15 0.12
45501.00 28004930.00 3.15 0.12
18607.00 28004930.00 3.15 0.12
20540.00 28004930.00 3.15 0.12
78264.00 28004930.00 3.15 0.12
9396.00 28004930.00 3.15 0.12
9865.00 28004930.00 3.15 0.12
99765.00 28004930.00 3.15 0.12
102790.00 28004930.00 3.15 0.12
79509.00 28004930.00 3.15 0.12
49365.00 28004930.00 3.15 0.12
32622.00 28004930.00 3.15 0.12
93858.00 28004930.00 3.15 0.12
81183.00 28004930.00 3.15 0.12
59580.00 28004930.00 3.15 0.12
89417.00 28004930.00 3.15 0.12
106533.00 28004930.00 3.15 0.12
30084.00 28004930.00 3.15 0.12
12001.00 28004930.00 3.15 0.12
18085.00 28004930.00 3.15 0.12
13115.00 28004930.00 3.15 0.12
66073.00 28004930.00 3.15 0.12
64281.00 28004930.00 3.15 0.12
13754.00 28004930.00 3.15 0.12
41168.00 28004930.00 3.15 0.12
75240.00 28004930.00 3.15 0.12
94761.00 28004930.00 3.15 0.12
52552.00 28004930.00 3.15 0.12
91546.00 28004930.00 3.15 0.12
83041.00 28004930.00 3.15 0.12
96192.00 28004930.00 3.15 0.12
57615.00 28004930.00 3.15 0.12
22202.00 28004930.00 3.15 0.12
32767.00 28004930.00 3.15 0.12
96502.00 28004930.00 3.15 0.12
90531.00 28004930.00 3.15 0.12
69890.00 28004930.00 3.15 0.12
29623.00 28004930.00 3.15 0.12
106488.00 28004930.00 3.15 0.12
82372.00 28004930.00 3.15 0.12
9244.00 28004930.00 3.15 0.12
97794.00 28004930.00 3.15 0.12
95552.00 28004930.00 3.15 0.12
30835.00 28004930.00 3.15 0.12
80805.00 28004930.00 3.15 0.12
35615.00 28004930.00 3.15 0.12
12971.00 28004930.00 3.15 0.12
35554.00 28004930.00 3.15 0.12
14595.00 28004930.00 3.15 0.12
94027.00 28004930.00 3.15 0.12
19248.00 28004930.00 3.15 0.12
71008.00 28004930.00 3.15 0.12
104628.00 28004930.00 3.15 0.12
93072.00 28004930.00 3.15 0.12
106946.00 28004930.00 3.15 0.12
90140.00 28004930.00 3.15 0.12
22457.00 28004930.00 3.15 0.12
54474.00 28004930.00 3.15 0.12
15515.00 28004930.00 3.15 0.12
16877.00 28004930.00 3.15 0.12
95436.00 28004930.00 3.15 0.12
21901.00 28004930.00 3.15 0.12
72611.00 28004930.00 3.15 0.12
50594.00 28004930.00 3.15 0.12
9268.00 28004930.00 3.15 0.12
8069.00 28004930.00 3.15 0.12
78616.00 28004930.00 3.15 0.12
59621.00 28004930.00 3.15 0.12
50574.00 28004930.00 3.15 0.12
52672.00 28004930.00 3.15 0.12
84305.00 28004930.00 3.15 0.12
52985.00 28004930.00 3.15 0.12
81991.00 28004930.00 3.15 0.12
19761.00 28004930.00 3.15 0.12
31854.00 28004930.00 3.15 0.12
1654.00 28004930.00 3.15 0.12
59285.00 28004930.00 3.15 0.12
65155.00 28004930.00 3.15 0.12
7567.00 28004930.00 3.15 0.12
51609.00 28004930.00 3.15 0.12
93968.00 28004930.00 3.15 0.12
89242.00 28004930.00 3.15 0.12
73716.00 28004930.00 3.15 0.12
89273.00 28004930.00 3.15 0.12
103667.00 28004930.00 3.15 0.12
21840.00 28004930.00 3.15 0.12
90315.00 28004930.00 3.15 0.12
10567.00 28004930.00 3.15 0.12
50512.00 28004930.00 3.15 0.12
95978.00 28004930.00 3.15 0.12
16332.00 28004930.00 3.15 0.12
73605.00 28004930.00 3.15 0.12
72468.00 28004930.00 3.15 0.12
100032.00 28004930.00 3.15 0.12
44066.00 28004930.00 3.15 0.12
60565.00 28004930.00 3.15 0.12
23803.00 28004930.00 3.15 0.12
9572.00 28004930.00 3.15 0.12
39634.00 28004930.00 3.15 0.12
50247.00 28004930.00 3.15 0.12
20226.00 28004930.00 3.15 0.12
70911.00 28004930.00 3.15 0.12
16179.00 28004930.00 3.15 0.12
44910.00 28004930.00 3.15 0.12
68137.00 28004930.00 3.15 0.12
18727.00 28004930.00 3.15 0.12
33661.00 28004930.00 3.15 0.12
69401.00 28004930.00 3.15 0.12
12189.00 28004930.00 3.15 0.12
14467.00 28004930.00 3.15 0.12
3277.00 28004930.00 3.15 0.12
14939.00 28004930.00 3.15 0.12
62253.00 28004930.00 3.15 0.12
76516.00 28004930.00 3.15 0.12
9355.00 28004930.00 3.15 0.12
865.00 28004930.00 3.15 0.12
26724.00 28004930.00 3.15 0.12
17143.00 28004930.00 3.15 0.12
17991.00 28004930.00 3.15 0.12
13775.00 28004930.00 3.15 0.12
33806.00 28004930.00 3.15 0.12
105758.00 28004930.00 3.15 0.12
58796.00 28004930.00 3.15 0.12
27784.00 28004930.00 3.15 0.12
106918.00 28004930.00 3.15 0.12
53264.00 28004930.00 3.15 0.12
9018.00 28004930.00 3.15 0.12
1637.00 28004930.00 3.15 0.12
92216.00 28004930.00 3.15 0.12
27013.00 28004930.00 3.15 0.12
22609.00 28004930.00 3.15 0.12
92712.00 28004930.00 3.15 0.12
12373.00 28004930.00 3.15 0.12
92722.00 28004930.00 3.15 0.12
71396.00 28004930.00 3.15 0.12
36687.00 28004930.00 3.15 0.12
73138.00 28004930.00 3.15 0.12
41588.00 28004930.00 3.15 0.12
27621.00 28004930.00 3.15 0.12
2090.00 28004930.00 3.15 0.12
37677.00 28004930.00 3.15 0.12
27677.00 28004930.00 3.15 0.12
97774.00 28004930.00 3.15 0.12
106280.00 28004930.00 3.15 0.12
64025.00 28004930.00 3.15 0.12
43402.00 28004930.00 3.15 0.12
41642.00 28004930.00 3.15 0.12
3417.00 28004930.00 3.15 0.12
13365.00 28004930.00 3.15 0.12
77088.00 28004930.00 3.15 0.12
79391.00 28004930.00 3.15 0.12
52919.00 28004930.00 3.15 0.12
63756.00 28004930.00 3.15 0.12
8983.00 28004930.00 3.15 0.12
9940.00 28004930.00 3.15 0.12
102220.00 28004930.00 3.15 0.12
16108.00 28004930.00 3.15 0.12
89251.00 28004930.00 3.15 0.12
41768.00 28004930.00 3.15 0.12
5465.00 28004930.00 3.15 0.12
70581.00 28004930.00 3.15 0.12
65587.00 28004930.00 3.15 0.12
4295.00 28004930.00 3.15 0.12
37382.00 28004930.00 3.15 0.12
4472.00 28004930.00 3.15 0.12
29604.00 28004930.00 3.15 0.12
2519.00 28004930.00 3.15 0.12
16119.00 28004930.00 3.15 0.12
42593.00 28004930.00 3.15 0.12
104834.00 28004930.00 3.15 0.12
23114.00 28004930.00 3.15 0.12
79394.00 28004930.00 3.15 0.12
33699.00 28004930.00 3.15 0.12
98127.00 28004930.00 3.15 0.12
26396.00 28004930.00 3.15 0.12
74722.00 28004930.00 3.15 0.12
98558.00 28004930.00 3.15 0.12
20525.00 28004930.00 3.15 0.12
17812.00 28004930.00 3.15 0.12
104942.00 28004930.00 3.15 0.12
88928.00 28004930.00 3.15 0.12
8014.00 28004930.00 3.15 0.12
106663.00 28004930.00 3.15 0.12
52667.00 28004930.00 3.15 0.12
105002.00 28004930.00 3.15 0.12
7064.00 28004930.00 3.15 0.12
92800.00 28004930.00 3.15 0.12
77830.00 28004930.00 3.15 0.12
7955.00 28004930.00 3.15 0.12
17153.00 28004930.00 3.15 0.12
100383.00 28004930.00 3.15 0.12
17472.00 28004930.00 3.15 0.12
48907.00 28004930.00 3.15 0.12
49697.00 28004930.00 3.15 0.12
41156.00 28004930.00 3.15 0.12
103851.00 28004930.00 3.15 0.12
30804.00 28004930.00 3.15 0.12
52547.00 28004930.00 3.15 0.12
57666.00 28004930.00 3.15 0.12
91904.00 28004930.00 3.15 0.12
106564.00 28004930.00 3.15 0.12
12816.00 28004930.00 3.15 0.12
91518.00 28004930.00 3.15 0.12
102342.00 28004930.00 3.15 0.12
98700.00 28004930.00 3.15 0.12
53052.00 28004930.00 3.15 0.12
7043.00 28004930.00 3.15 0.12
99746.00 28004930.00 3.15 0.12
86985.00 28004930.00 3.15 0.12
81972.00 28004930.00 3.15 0.12
61658.00 28004930.00 3.15 0.12
33401.00 28004930.00 3.15 0.12
563.00 28004930.00 3.15 0.12
22226.00 28004930.00 3.15 0.12
29358.00 28004930.00 3.15 0.12
78089.00 28004930.00 3.15 0.12
93248.00 28004930.00 3.15 0.12
53396.00 28004930.00 3.15 0.12
62022.00 28004930.00 3.15 0.12
79947.00 28004930.00 3.15 0.12
25533.00 28004930.00 3.15 0.12
75146.00 28004930.00 3.15 0.12
91849.00 28004930.00 3.15 0.12
50703.00 28004930.00 3.15 0.12
39577.00 28004930.00 3.15 0.12
36938.00 28004930.00 3.15 0.12
41614.00 28004930.00 3.15 0.12
16495.00 28004930.00 3.15 0.12
92904.00 28004930.00 3.17 0.12
84237.00 28004930.00 3.98 0.12
21014.00 212505806.00 3.89 3.57
92693.00 212505806.00 7.49 3.57
13522.00 28004930.00 3.15 0.12
85109.00 28004930.00 6.52 0.12
70908.00 28004930.00 4.26 0.12
88337.00 212505806.00 3.11 3.57
107282.00 28004930.00 3.35 0.12
105158.00 212505806.00 2.99 3.57
63724.00 14879733.00 6.24 0.32
49107.00 14879733.00 8.78 0.32
76372.00 28004930.00 9.78 0.12
5206.00 28004930.00 2.74 0.12
23190.00 28004930.00 11.36 0.12
29028.00 212505806.00 2.99 3.57
11422.00 28004930.00 2.05 0.12
65426.00 28004930.00 7.90 0.12
64034.00 28004930.00 11.83 0.12
52180.00 14879733.00 16.05 0.32
24350.00 28004930.00 5.57 0.12
33965.00 28004930.00 11.17 0.12
88609.00 14879733.00 8.27 0.32
1906.00 28004930.00 8.20 0.12
32573.00 212505806.00 10.57 3.57
34494.00 28004930.00 11.88 0.12
45054.00 28004930.00 5.09 0.12
10735.00 14879733.00 16.00 0.32
22952.00 212505806.00 7.57 3.57
93790.00 28004930.00 13.35 0.12
88950.00 28004930.00 9.30 0.12
55891.00 28004930.00 4.63 0.12
47432.00 14879733.00 13.63 0.32
68349.00 28004930.00 9.21 0.12
62202.00 28004930.00 17.03 0.12
30655.00 212505806.00 2.64 3.57
28801.00 14879733.00 16.11 0.32
31822.00 14879733.00 16.06 0.32
96649.00 14879733.00 16.05 0.32
87444.00 14879733.00 16.06 0.32
27408.00 14879733.00 16.05 0.32
55192.00 14879733.00 16.06 0.32
31200.00 14879733.00 16.05 0.32
96122.00 14879733.00 16.06 0.32
11594.00 14879733.00 16.05 0.32
1278.00 14879733.00 16.06 0.32
12078.00 14879733.00 16.05 0.32
93205.00 14879733.00 16.06 0.32
60469.00 14879733.00 16.05 0.32
40697.00 14879733.00 16.06 0.32
101910.00 14879733.00 16.05 0.32
101014.00 14879733.00 16.06 0.32
13321.00 14879733.00 16.05 0.32
56252.00 14879733.00 16.06 0.32
45875.00 14879733.00 16.05 0.32
88653.00 14879733.00 16.06 0.32
7948.00 14879733.00 16.05 0.32
55145.00 14879733.00 16.06 0.32
45942.00 14879733.00 16.05 0.32
3794.00 14879733.00 16.06 0.32
73749.00 14879733.00 16.05 0.32
18132.00 14879733.00 16.06 0.32
50875.00 14879733.00 16.05 0.32
55753.00 14879733.00 16.06 0.32
81694.00 14879733.00 16.05 0.32
43986.00 14879733.00 16.06 0.32
24437.00 14879733.00 16.05 0.32
10150.00 14879733.00 16.06 0.32
43214.00 14879733.00 16.05 0.32
78648.00 14879733.00 16.06 0.32
22003.00 14879733.00 16.05 0.32
44464.00 14879733.00 16.06 0.32
12265.00 14879733.00 16.05 0.32
22788.00 14879733.00 16.06 0.32
2995.00 14879733.00 16.05 0.32
62939.00 14879733.00 16.06 0.32
40206.00 14879733.00 16.05 0.32
56295.00 14879733.00 16.06 0.32
74538.00 14879733.00 16.05 0.32
27278.00 14879733.00 16.06 0.32
67024.00 14879733.00 16.05 0.32
60950.00 14879733.00 16.06 0.32
96000.00 14879733.00 16.05 0.32
99687.00 14879733.00 16.06 0.32
88971.00 14879733.00 16.05 0.32
50645.00 14879733.00 16.06 0.32
1896.00 14879733.00 16.05 0.32
57162.00 14879733.00 16.55 0.32
4924.00 14879733.00 16.54 0.32
47003.00 14879733.00 16.55 0.32
47611.00 14879733.00 16.54 0.32
88585.00 14879733.00 16.55 0.32
83188.00 14879733.00 16.54 0.32
85448.00 14879733.00 16.55 0.32
23988.00 14879733.00 16.54 0.32
88843.00 14879733.00 16.55 0.32
95601.00 14879733.00 16.54 0.32
21747.00 14879733.00 16.55 0.32
73250.00 14879733.00 16.54 0.32
18059.00 14879733.00 16.55 0.32
35272.00 14879733.00 16.54 0.32
104358.00 14879733.00 16.55 0.32
83932.00 14879733.00 16.54 0.32
105765.00 14879733.00 16.55 0.32
107015.00 14879733.00 16.54 0.32
51646.00 14879733.00 16.55 0.32
42574.00 14879733.00 16.54 0.32
54926.00 14879733.00 16.55 0.32
13479.00 14879733.00 16.54 0.32
35349.00 14879733.00 16.55 0.32
70925.00 14879733.00 16.54 0.32
104405.00 14879733.00 16.55 0.32
87793.00 14879733.00 16.54 0.32
22560.00 14879733.00 16.55 0.32
63206.00 14879733.00 16.54 0.32
3083.00 14879733.00 16.55 0.32
34310.00 14879733.00 16.54 0.32
73685.00 14879733.00 16.55 0.32
10852.00 14879733.00 16.54 0.32
98166.00 14879733.00 16.55 0.32
4554.00 14879733.00 16.54 0.32
5939.00 14879733.00 16.55 0.32
78078.00 14879733.00 16.54 0.32
63249.00 14879733.00 16.55 0.32
1975.00 14879733.00 16.54 0.32
33374.00 14879733.00 16.55 0.32
1854.00 14879733.00 16.54 0.32
1787.00 14879733.00 16.55 0.32
54962.00 14879733.00 16.54 0.32
67237.00 14879733.00 16.55 0.32
71254.00 14879733.00 16.54 0.32
43383.00 14879733.00 16.55 0.32
27116.00 14879733.00 16.54 0.32
67508.00 14879733.00 16.55 0.32
1296.00 14879733.00 16.54 0.32
76112.00 14879733.00 16.55 0.32
56595.00 14879733.00 16.54 0.32
86272.00 14879733.00 16.55 0.32
42522.00 14879733.00 16.54 0.32
101313.00 14879733.00 16.55 0.32
79311.00 14879733.00 16.54 0.32
62035.00 14879733.00 16.55 0.32
52557.00 14879733.00 16.54 0.32
16309.00 14879733.00 16.55 0.32
50404.00 14879733.00 16.54 0.32
89743.00 14879733.00 16.55 0.32
87561.00 14879733.00 16.54 0.32
52774.00 14879733.00 16.55 0.32
43803.00 14879733.00 16.54 0.32
31535.00 14879733.00 16.55 0.32
53749.00 14879733.00 16.54 0.32
19212.00 14879733.00 16.55 0.32
21955.00 14879733.00 16.54 0.32
30559.00 14879733.00 16.55 0.32
59064.00 14879733.00 16.54 0.32
731.00 14879733.00 16.55 0.32
45039.00 14879733.00 16.54 0.32
84524.00 14879733.00 16.55 0.32
66371.00 14879733.00 16.54 0.32
32678.00 14879733.00 16.55 0.32
81005.00 14879733.00 16.54 0.32
87244.00 14879733.00 16.55 0.32
107114.00 14879733.00 16.54 0.32
24725.00 14879733.00 16.55 0.32
79019.00 14879733.00 16.54 0.32
26887.00 14879733.00 16.55 0.32
36272.00 14879733.00 16.54 0.32
82395.00 14879733.00 16.55 0.32
21366.00 14879733.00 16.54 0.32
82218.00 14879733.00 16.55 0.32
58690.00 14879733.00 16.54 0.32
15982.00 14879733.00 16.55 0.32
6361.00 14879733.00 16.54 0.32
16038.00 14879733.00 16.55 0.32
14565.00 14879733.00 16.54 0.32
72372.00 14879733.00 16.55 0.32
31473.00 14879733.00 16.54 0.32
26155.00 14879733.00 16.55 0.32
34811.00 14879733.00 16.54 0.32
95635.00 14879733.00 16.55 0.32
94279.00 14879733.00 16.54 0.32
98184.00 14879733.00 16.55 0.32
90693.00 14879733.00 16.54 0.32
96112.00 14879733.00 16.55 0.32
75517.00 14879733.00 16.54 0.32
26052.00 14879733.00 16.55 0.32
95556.00 14879733.00 16.54 0.32
103497.00 14879733.00 16.55 0.32
67746.00 14879733.00 16.54 0.32
98605.00 14879733.00 16.55 0.32
30603.00 14879733.00 16.54 0.32
12956.00 14879733.00 16.55 0.32
24158.00 14879733.00 16.54 0.32
51268.00 14879733.00 16.55 0.32
50587.00 14879733.00 16.54 0.32
2816.00 14879733.00 16.55 0.32
13855.00 14879733.00 16.54 0.32
51556.00 14879733.00 16.55 0.32
102383.00 14879733.00 16.54 0.32
28579.00 14879733.00 16.55 0.32
87137.00 14879733.00 16.54 0.32
92262.00 14879733.00 16.55 0.32
22006.00 14879733.00 16.54 0.32
93532.00 14879733.00 16.55 0.32
35165.00 14879733.00 16.54 0.32
63507.00 14879733.00 16.55 0.32
25708.00 14879733.00 16.54 0.32
35346.00 14879733.00 16.55 0.32
3987.00 14879733.00 16.54 0.32
69698.00 14879733.00 16.55 0.32
103147.00 14879733.00 16.54 0.32
53538.00 14879733.00 16.55 0.32
91048.00 14879733.00 16.54 0.32
46657.00 14879733.00 16.55 0.32
19182.00 14879733.00 16.54 0.32
101318.00 14879733.00 16.55 0.32
18381.00 14879733.00 16.54 0.32
65386.00 14879733.00 16.55 0.32
34659.00 14879733.00 16.54 0.32
10909.00 14879733.00 16.55 0.32
81310.00 14879733.00 16.54 0.32
4566.00 14879733.00 16.55 0.32
42152.00 14879733.00 16.54 0.32
106432.00 14879733.00 16.55 0.32
25439.00 14879733.00 16.54 0.32
48102.00 14879733.00 16.55 0.32
96104.00 14879733.00 16.54 0.32
35497.00 14879733.00 16.55 0.32
72735.00 14879733.00 16.54 0.32
4326.00 14879733.00 16.55 0.32
65743.00 14879733.00 16.51 0.32
20378.00 14879733.00 16.78 0.32
45008.00 28004930.00 6.04 0.12
92098.00 14879733.00 16.28 0.32
35884.00 14879733.00 16.16 0.32
58334.00 28004930.00 11.80 0.12
54546.00 28004930.00 6.57 0.12
24594.00 14879733.00 16.13 0.32
77695.00 14879733.00 16.79 0.32
5881.00 28004930.00 12.94 0.12
64212.00 28004930.00 9.33 0.12
86307.00 28004930.00 7.43 0.12
39340.00 28004930.00 13.72 0.12
20430.00 28004930.00 7.86 0.12
104485.00 28004930.00 10.28 0.12
27623.00 14879733.00 16.15 0.32
54643.00 14879733.00 16.83 0.32
54267.00 28004930.00 9.02 0.12
67992.00 28004930.00 10.19 0.12
15125.00 14879733.00 17.81 0.32
82845.00 14879733.00 17.82 0.32
63696.00 14879733.00 17.81 0.32
7140.00 14879733.00 17.82 0.32
29490.00 14879733.00 17.81 0.32
58182.00 14879733.00 17.82 0.32
78565.00 14879733.00 17.81 0.32
29204.00 14879733.00 17.82 0.32
708.00 28004930.00 11.63 0.12
22297.00 28004930.00 12.37 0.12
57390.00 28004930.00 12.46 0.12
88057.00 28004930.00 12.37 0.12
68716.00 28004930.00 12.46 0.12
73370.00 28004930.00 12.37 0.12
3155.00 28004930.00 12.46 0.12
56283.00 28004930.00 12.36 0.12
24943.00 28004930.00 12.45 0.12
58899.00 28004930.00 12.36 0.12
45107.00 28004930.00 12.45 0.12
54674.00 28004930.00 12.36 0.12
92913.00 28004930.00 12.45 0.12
28458.00 28004930.00 12.36 0.12
19259.00 28004930.00 12.45 0.12
75963.00 28004930.00 12.36 0.12
99879.00 28004930.00 12.45 0.12
94130.00 28004930.00 12.36 0.12
83322.00 28004930.00 12.45 0.12
106054.00 28004930.00 12.36 0.12
73192.00 28004930.00 12.45 0.12
71155.00 28004930.00 12.36 0.12
47715.00 28004930.00 12.45 0.12
105351.00 28004930.00 12.36 0.12
91227.00 28004930.00 12.45 0.12
5561.00 28004930.00 12.36 0.12
69814.00 28004930.00 12.45 0.12
21218.00 212505806.00 12.19 3.57
41808.00 212505806.00 8.00 3.57
103202.00 14879733.00 12.25 0.32
97899.00 28004930.00 12.09 0.12
70999.00 14879733.00 13.71 0.32
32345.00 212505806.00 16.08 3.57
32660.00 28004930.00 15.88 0.12
90791.00 14879733.00 12.07 0.32
28728.00 28004930.00 14.16 0.12
63043.00 212505806.00 14.02 3.57
106351.00 212505806.00 14.11 3.57
84297.00 212505806.00 14.02 3.57
29990.00 212505806.00 14.11 3.57
8164.00 212505806.00 14.02 3.57
68077.00 212505806.00 14.11 3.57
10341.00 212505806.00 14.02 3.57
48545.00 28004930.00 14.54 0.12
2315.00 28004930.00 15.96 0.12
29955.00 28004930.00 15.02 0.12
100764.00 212505806.00 14.51 3.57
28160.00 14879733.00 18.04 0.32
44627.00 14879733.00 18.06 0.32
15854.00 14879733.00 11.05 0.32
90525.00 5662742.00 16.61 3.12
8406.00 28004930.00 17.85 0.12
63599.00 5662742.00 16.05 3.12
41043.00 5662742.00 17.83 3.12
36234.00 5662742.00 11.80 3.12
17898.00 14879733.00 18.81 0.32
53326.00 14879733.00 16.15 0.32
11491.00 14879733.00 16.15 0.32
96553.00 28004930.00 19.29 0.12
79923.00 5662742.00 13.46 3.12
5668.00 14879733.00 10.36 0.32
66686.00 28004930.00 21.03 0.12
24941.00 5662742.00 6.65 3.12
90468.00 5662742.00 6.59 3.12
16220.00 5662742.00 4.25 3.12
19229.00 5662742.00 4.17 3.12
107520.00 14879733.00 19.65 0.32
53110.00 14879733.00 19.75 0.32
2965.00 5662742.00 3.48 3.12
53365.00 5662742.00 13.59 3.12
20848.00 5662742.00 4.64 3.12
9734.00 14879733.00 22.02 0.32
64424.00 28004930.00 19.12 0.12
81938.00 28004930.00 19.35 0.12
51690.00 5662742.00 2.79 3.12
91386.00 28004930.00 23.17 0.12
19916.00 28004930.00 21.16 0.12
94995.00 28004930.00 20.81 0.12
81240.00 28004930.00 20.80 0.12
41332.00 5662742.00 14.18 3.12
24397.00 5662742.00 0.89 3.12
41672.00 5662742.00 5.66 3.12
93881.00 5662742.00 5.65 3.12
78936.00 5662742.00 5.66 3.12
94564.00 5662742.00 5.65 3.12
13349.00 5662742.00 5.66 3.12
86176.00 5662742.00 5.65 3.12
58344.00 5662742.00 5.66 3.12
7596.00 5662742.00 5.65 3.12
87269.00 5662742.00 5.66 3.12
103494.00 5662742.00 5.65 3.12
87741.00 5662742.00 5.66 3.12
99998.00 5662742.00 5.65 3.12
31891.00 5662742.00 0.76 3.12
72113.00 5662742.00 5.42 3.12
38975.00 28004930.00 23.35 0.12
22719.00 5662742.00 1.39 3.12
56854.00 28004930.00 24.28 0.12
81367.00 28004930.00 24.88 0.12
98835.00 14879733.00 21.99 0.32
82215.00 28004930.00 25.80 0.12
81327.00 14879733.00 20.67 0.32
98231.00 14879733.00 21.95 0.32
19306.00 5662742.00 15.59 3.12
60802.00 28004930.00 25.48 0.12
77777.00 28004930.00 24.66 0.12
6548.00 5662742.00 19.61 3.12
1755.00 14879733.00 22.46 0.32
36754.00 14879733.00 26.49 0.32
78656.00 28004930.00 26.67 0.12
1092.00 14879733.00 25.42 0.32
5426.00 28004930.00 26.36 0.12
75379.00 14879733.00 28.36 0.32
