105878 8 1 37
76766 6 1 38
103964 2 2 35
74324 8 2 46
10398 6 3 38
42489 6 4 60
8393 8 4 48
61013 3 5 55
73934 5 5 43
93806 4 5 57
11958 4 6 59
6053 5 7 32
38690 10 7 46
31438 10 7 56
48841 5 7 44
24468 3 8 47
12043 6 8 50
167 7 9 44
44600 3 10 47
11881 2 10 38
79700 10 11 45
94157 7 11 33
81664 10 11 46
18357 5 11 53
46374 6 12 30
55372 9 12 59
25791 7 12 33
49049 6 13 38
52244 7 13 33
91185 6 13 58
66687 2 14 53
63769 7 14 52
14616 6 14 36
98694 1 15 43
91852 3 16 52
105768 5 16 59
32606 7 17 31
15868 5 17 33
68624 1 17 47
71804 9 18 34
89290 4 18 53
4072 4 19 60
32921 6 20 51
26894 8 21 47
13446 1 21 53
95092 10 22 34
39469 8 23 45
17860 9 24 60
4451 5 24 36
25779 1 25 41
20411 6 25 60
32597 9 26 36
52422 10 26 60
87514 5 27 57
68474 9 28 60
72416 2 29 31
89861 5 29 32
61046 2 30 39
61318 8 31 51
48358 10 32 38
101218 2 33 60
7994 3 33 36
37750 2 33 34
38953 5 34 50
16826 6 34 38
45955 4 34 44
37706 9 35 32
34671 5 36 37
65495 9 36 52
42340 9 36 33
9582 4 37 43
66532 5 37 54
79688 3 37 45
36479 6 37 48
103371 3 38 59
45056 3 38 38
40176 9 38 60
92257 9 39 31
2795 2 39 49
100440 10 39 42
415 5 39 59
73696 7 39 55
9639 5 39 38
22455 10 39 50
31297 1 39 43
23494 7 39 51
81941 2 40 52
77254 2 40 30
9108 1 40 31
59177 2 41 44
66849 2 42 48
73179 7 43 47
69238 6 44 45
100294 8 44 39
34590 8 45 50
43366 2 46 33
19184 2 46 31
105278 2 46 43
25512 4 46 60
100320 3 47 35
89116 3 48 37
40066 2 48 55
86989 7 49 45
42033 6 49 40
83536 9 49 60
30579 1 49 48
1462 3 50 31
31781 1 50 59
29177 3 51 58
51814 8 51 41
91250 4 51 53
55374 7 51 32
65447 7 52 39
78059 4 53 53
3169 5 54 40
12701 1 55 60
73063 4 56 52
17674 7 57 41
74960 4 58 42
98791 3 58 48
95475 6 58 60
35118 5 59 42
88440 5 59 48
102672 2 60 52
93995 8 60 43
52533 5 60 51
94562 5 60 58
102992 5 60 38
13079 2 61 48
26098 7 62 49
107624 6 62 44
31431 9 63 34
37537 3 64 39
39089 4 64 33
62803 9 64 47
97363 3 64 39
105125 3 64 56
47181 10 65 39
80697 3 66 46
56098 3 66 51
72789 7 66 59
12887 5 66 55
1832 2 66 43
101198 2 67 48
9543 4 67 32
44734 2 67 58
90461 1 68 30
71107 2 68 49
96558 10 68 59
89652 10 68 31
14423 8 69 53
95674 2 70 39
61637 10 71 53
27660 4 71 53
105766 6 72 37
31384 4 72 37
100870 5 72 57
42972 6 72 36
61761 8 72 46
45931 8 72 33
39332 2 73 31
67488 9 74 49
42299 10 74 52
75502 4 74 45
56438 1 75 52
29940 2 75 39
84372 2 75 32
47308 1 75 59
102972 4 75 59
21538 3 76 57
1093 1 76 37
76584 10 76 33
83959 7 77 42
25167 7 78 45
8193 8 78 48
45867 8 79 59
80694 6 80 34
50560 1 80 45
70979 6 81 49
67589 10 82 40
82244 4 82 49
97637 10 83 51
65535 9 84 44
24929 6 84 58
81647 5 85 38
41701 6 86 54
92918 7 87 30
61018 9 88 54
12870 8 88 51
24262 9 88 59
52572 1 88 45
86919 8 89 36
51077 6 89 32
35539 3 89 49
37467 10 90 34
18957 9 90 43
79304 10 91 52
24467 8 92 42
19048 3 92 60
6516 7 92 59
60683 9 92 57
62245 10 92 40
32129 10 93 42
95168 10 93 35
91716 3 94 60
84942 9 95 40
100862 5 95 46
92124 5 96 60
50582 1 97 37
10771 10 98 50
11911 3 99 33
85578 2 100 34
45250 4 100 41
78674 9 101 34
42690 2 101 50
27328 4 101 50
63381 2 101 37
77746 5 102 41
54026 5 103 38
31328 4 103 57
86753 7 103 51
58443 10 103 39
76177 3 104 35
54921 9 105 56
54232 2 105 32
61947 9 106 44
17103 7 106 45
29106 1 106 55
24027 9 107 47
29988 9 107 46
8650 6 107 52
106948 10 108 54
40224 9 108 34
94291 4 108 37
35959 9 109 33
80003 1 110 39
6084 5 110 45
74174 9 110 43
16402 6 111 35
73916 5 112 32
99412 3 113 47
11516 10 113 52
30460 8 113 34
81536 5 113 42
7780 2 113 36
14268 6 113 33
43670 7 114 48
107358 9 115 37
94346 5 115 40
72373 4 115 38
90107 4 115 42
23888 7 115 44
105124 10 116 58
27100 3 116 49
4437 4 116 30
31699 2 116 50
34135 5 116 37
87626 9 117 30
104998 3 117 51
5552 7 118 42
84376 8 118 43
81705 3 118 47
43738 8 118 45
102645 7 118 51
82428 1 119 48
30474 1 120 45
79663 3 120 38
41691 8 120 32
5535 1 121 58
50545 10 121 46
98315 7 121 37
27858 1 122 33
15378 2 123 51
77144 7 124 33
8398 8 124 32
47164 9 124 48
67578 8 125 57
73175 5 126 58
55877 4 127 36
54462 5 127 41
88607 5 127 59
61337 9 127 38
4585 7 128 47
60981 4 128 30
55019 1 128 40
97298 10 129 41
90368 2 129 46
72818 8 130 37
43703 2 131 36
32057 3 132 45
89047 4 133 47
74678 1 134 37
75167 4 135 44
24887 7 135 38
4328 10 135 55
49428 2 135 39
91153 3 135 45
19474 2 135 58
68251 3 136 35
100212 4 136 53
77654 9 137 30
37371 3 137 37
20084 5 137 45
60630 9 138 38
92520 2 138 32
75884 10 139 38
47815 4 139 54
6864 10 139 32
80615 6 140 52
32674 7 141 42
77684 2 141 40
104890 4 141 40
83050 5 142 34
99283 2 143 36
47790 7 144 49
55453 1 145 55
87151 4 146 54
72940 1 147 33
56149 6 148 35
98054 6 149 31
24924 6 149 52
985 3 150 49
97202 1 151 38
101970 7 151 34
17632 6 151 38
21940 8 152 35
101960 8 152 34
76601 2 153 50
76598 4 153 39
38584 9 153 46
44120 3 154 32
101325 5 154 57
30624 5 155 31
77460 6 156 58
83530 1 157 44
60902 10 157 47
55708 1 158 55
103007 3 159 34
95481 6 159 31
8813 3 160 50
82001 2 161 48
43972 2 161 37
53415 9 161 30
73536 9 162 32
25911 5 162 41
63221 9 162 45
42457 10 163 52
62644 1 164 35
77983 3 165 49
7148 10 165 42
104007 4 166 58
54566 3 166 37
62678 5 166 55
102116 1 166 51
69397 7 167 57
7267 6 167 38
107281 3 167 50
1965 5 167 30
95325 6 167 60
91788 5 168 58
87193 10 169 40
95442 2 170 55
15539 6 170 30
9074 1 170 36
65173 4 170 34
85421 4 170 58
69288 10 170 35
16014 1 171 33
103018 5 172 58
85003 10 173 53
55385 5 174 53
38507 1 175 43
84415 2 175 47
45378 5 175 34
98960 10 176 42
51321 3 177 59
958 2 177 42
34701 3 177 30
37413 10 178 35
31164 3 178 38
74470 9 178 35
58980 8 179 38
49088 2 180 56
105350 8 181 40
38484 1 182 37
85673 2 182 58
42267 2 182 46
57557 1 182 54
19404 9 183 51
101220 9 183 30
14650 8 183 54
63766 9 183 53
30873 10 183 58
106958 6 183 51
57138 2 183 41
2570 2 183 38
105394 3 183 41
11463 2 184 36
31783 10 185 42
4829 4 186 44
56374 8 186 59
36012 9 186 50
42599 4 186 46
39997 1 187 59
33463 7 188 55
70185 9 188 49
1455 10 188 44
71818 4 188 44
108 3 189 56
42641 4 190 42
106346 10 191 32
69258 4 191 32
20898 6 191 41
58756 2 191 32
66959 10 192 32
64696 4 192 34
15273 8 192 58
71741 10 193 37
67263 5 193 45
43616 1 193 41
62718 2 194 38
59428 3 194 40
31660 10 194 58
4542 5 195 49
97477 3 196 55
1502 8 197 52
57077 5 198 55
65114 4 198 60
88801 8 198 37
53926 9 198 55
47558 4 199 54
44388 4 199 56
27552 9 199 34
71630 8 200 41
40202 2 200 39
106885 5 200 48
58667 4 200 43
90144 9 201 46
28774 9 201 30
89061 10 202 57
49725 3 202 47
14206 9 203 41
5662 8 203 52
83673 9 203 30
97473 10 204 38
80243 3 204 50
95209 5 204 36
49062 5 205 58
13389 2 205 50
15646 9 206 42
9400 10 207 59
54394 1 207 37
103086 7 207 47
83312 10 208 34
6396 8 208 42
7896 7 209 47
13246 5 210 34
76457 9 211 30
20283 3 212 33
61633 2 212 54
106688 8 212 53
105231 6 212 46
64908 5 212 40
21180 6 212 37
47978 7 213 58
18200 8 213 41
16602 8 214 47
7717 6 215 59
70738 9 216 54
106451 9 217 52
44148 5 218 46
1974 5 219 51
40316 10 220 47
84473 3 221 35
1178 10 221 60
65769 7 221 59
12351 9 222 51
106089 5 223 44
62226 3 224 45
10713 5 224 58
81539 3 225 50
62632 9 226 32
105225 6 227 40
95641 8 227 31
99970 9 228 37
57453 5 229 59
92471 6 230 50
86286 3 230 55
69312 3 230 59
40543 5 230 34
35372 4 231 57
5102 9 232 34
99946 3 232 41
84873 6 233 31
33683 7 234 32
75638 2 234 30
60552 8 234 57
42021 3 235 40
106460 6 235 39
49688 9 236 54
12773 5 236 59
19168 5 237 44
5725 8 237 44
71178 7 237 46
65149 1 237 59
18568 5 237 43
92103 5 237 52
84636 7 237 36
69294 4 238 47
4402 9 239 51
52201 4 240 32
97362 4 240 35
79226 9 240 41
79337 4 240 33
39915 10 240 34
24896 5 241 53
11399 8 242 50
95090 5 243 51
6844 6 243 57
48436 6 244 48
18658 1 244 44
88118 3 244 45
36933 4 244 51
39868 6 244 52
62059 8 244 35
74289 2 244 35
41752 10 245 47
51603 10 246 58
82890 8 247 41
48657 10 247 31
62981 7 248 60
16730 8 248 52
66816 10 249 59
61667 4 249 35
75610 3 250 51
20630 5 250 41
7443 8 250 31
586 8 250 39
60903 6 251 41
80481 10 251 59
3115 7 251 40
63478 5 251 39
68135 2 252 46
87190 1 253 45
48151 7 254 60
5865 1 255 30
63687 4 256 38
89784 7 256 60
47386 3 257 37
81362 1 257 39
82908 7 257 51
52187 3 257 41
58475 8 257 59
10913 7 257 36
62760 8 257 37
61632 5 257 32
107093 8 257 38
75809 10 257 34
36027 1 258 60
43077 8 259 37
58585 2 259 36
98333 2 260 38
78939 6 261 31
98808 2 261 46
105771 8 261 47
86618 5 262 30
75713 6 263 43
55085 3 263 55
73228 2 264 58
19284 4 264 34
50553 8 264 37
12316 3 265 32
47306 8 266 49
10988 3 266 55
89822 2 266 57
95968 3 267 33
14207 7 267 48
47359 8 268 35
45287 1 269 57
25977 5 269 33
97770 10 270 42
37355 7 271 54
42797 8 271 46
39582 8 272 35
101100 10 272 47
99016 2 273 37
90447 3 274 38
49400 7 274 52
48065 7 274 52
85515 8 274 43
101543 1 274 45
43722 10 275 36
52626 2 275 57
16221 8 275 35
54582 7 275 36
39460 9 275 30
51320 8 275 38
103112 7 275 60
66362 9 276 52
49703 9 277 42
83970 7 277 59
14119 9 278 42
57730 7 279 37
17148 7 280 60
69942 8 280 35
101010 1 280 45
28 2 281 52
19855 3 281 32
11496 3 282 35
37529 9 283 36
50794 4 283 60
81084 6 284 37
59185 9 284 49
107582 6 285 39
92776 3 285 39
64783 9 285 37
99870 6 286 38
30430 6 286 33
87694 4 286 58
53567 3 287 51
76653 2 287 44
69364 8 287 47
9046 9 287 38
29326 5 287 44
11171 6 287 37
42134 9 287 39
48146 9 287 47
70380 10 288 46
82610 3 288 58
87253 4 289 30
55829 1 289 44
29712 7 289 47
97621 3 290 55
59743 5 291 59
42945 10 291 34
14921 5 291 49
88031 9 291 53
65811 7 292 47
23085 1 293 60
35902 6 294 55
36200 3 294 56
38650 1 295 51
73030 1 296 44
55985 8 297 48
27609 2 298 58
62725 5 299 49
43210 5 299 45
2257 8 300 46
55015 5 301 39
50080 9 302 30
93171 4 303 30
50775 9 303 46
94255 6 303 42
19552 10 303 51
27671 4 304 44
63584 8 305 31
102466 4 305 47
45743 7 305 40
23746 9 306 31
105030 5 306 33
33564 9 306 37
96462 5 307 56
90504 8 308 53
39739 3 308 33
81869 8 308 33
20054 4 308 47
83740 5 308 46
6404 1 308 60
95759 7 309 42
96697 3 310 56
84208 4 310 42
8283 1 310 54
71461 3 310 47
74988 3 311 33
26023 4 311 32
90958 10 312 59
46953 3 313 42
42405 8 313 55
29190 3 313 59
98091 1 313 30
65512 10 313 59
79667 7 313 36
100748 8 314 44
35883 2 315 36
47535 2 316 41
4565 1 317 44
85844 8 318 52
15678 7 318 52
102228 7 318 42
74847 2 318 48
91784 3 319 39
7223 3 320 59
55438 6 320 49
72077 8 321 45
27264 9 321 49
21411 6 322 46
33487 7 322 58
818 1 323 49
64093 6 324 56
26853 8 325 57
90298 4 325 47
64801 6 325 46
80970 3 325 42
25447 10 326 33
69693 10 327 41
50495 5 327 45
92470 8 327 48
105804 5 327 31
21654 3 327 37
9005 1 328 37
31124 3 329 54
84935 1 330 36
17492 5 330 30
1363 6 331 37
103961 2 331 54
99893 5 331 55
8537 10 332 31
56090 8 332 35
26191 2 332 45
5592 8 332 36
107703 7 332 59
54619 9 332 45
52842 3 332 51
52317 7 333 52
65913 5 333 46
38547 5 333 51
28265 1 333 59
59662 6 334 51
56697 5 334 51
7191 3 335 31
15085 5 336 60
93499 7 336 59
86431 7 337 44
60535 9 338 53
91097 2 338 36
26468 4 338 38
4145 5 339 34
58366 9 339 36
69551 3 340 60
57429 5 341 55
99532 7 341 38
92478 7 341 41
1644 8 342 60
29997 10 343 46
72753 7 344 39
11520 2 344 43
68530 8 344 36
23435 4 345 30
66526 10 346 59
23731 5 347 34
13342 8 348 54
44233 3 348 39
13505 9 348 45
45448 4 348 39
27670 10 348 59
32238 9 348 45
103832 7 348 33
43686 2 349 50
43617 10 349 36
54946 3 350 30
26346 5 350 44
16060 3 351 58
19305 4 351 33
59265 2 352 40
91265 7 353 59
48577 3 354 52
80359 8 354 36
45501 3 355 60
18607 3 356 40
20540 1 356 55
78264 1 357 35
9396 4 358 49
9865 7 358 40
99765 8 359 32
102790 3 360 33
79509 3 360 32
49365 9 360 41
32622 1 360 55
93858 8 360 41
81183 3 361 32
59580 6 362 56
89417 4 363 53
106533 9 363 53
30084 6 363 51
12001 1 364 57
18085 8 364 46
13115 3 364 47
66073 10 364 47
64281 9 365 48
13754 2 366 57
41168 4 366 30
75240 3 367 51
94761 2 368 34
52552 8 369 46
91546 4 369 53
83041 2 370 37
96192 1 371 60
57615 10 371 49
22202 9 372 34
32767 1 372 40
96502 8 373 45
90531 8 374 57
69890 8 375 39
29623 4 375 33
106488 5 376 52
82372 1 376 43
9244 1 377 55
97794 6 378 57
95552 9 378 54
30835 4 378 46
80805 4 378 49
35615 10 378 30
12971 8 379 45
35554 9 380 57
14595 2 380 31
94027 2 381 39
19248 2 382 41
71008 4 382 53
104628 1 382 36
93072 3 383 51
106946 4 383 54
90140 5 384 39
22457 1 385 59
54474 6 386 47
15515 3 387 37
16877 4 387 54
95436 6 388 56
21901 1 388 52
72611 7 389 55
50594 10 390 49
9268 6 390 51
8069 3 391 53
78616 9 391 38
59621 1 391 59
50574 9 391 31
52672 7 391 42
84305 3 391 44
52985 6 391 51
81991 8 392 51
19761 3 392 39
31854 5 393 53
1654 10 393 35
59285 7 394 51
65155 5 394 46
7567 3 394 58
51609 2 395 34
93968 5 396 58
89242 4 396 48
73716 4 397 30
89273 2 398 38
103667 4 399 43
21840 1 399 59
90315 5 400 47
10567 1 400 37
50512 1 400 56
95978 9 401 50
16332 8 402 55
73605 3 402 30
72468 8 403 30
100032 9 403 32
44066 3 404 35
60565 9 405 58
23803 1 406 51
9572 10 407 32
39634 5 407 51
50247 1 407 49
20226 8 408 44
70911 1 409 59
16179 9 409 53
44910 10 409 57
68137 1 410 52
18727 1 411 54
33661 3 412 44
69401 3 413 47
12189 3 414 38
14467 6 415 40
3277 4 415 35
14939 10 416 34
62253 5 417 38
76516 5 418 54
9355 2 418 36
865 4 419 34
26724 4 420 32
17143 6 421 52
17991 3 422 40
13775 9 423 32
33806 5 424 31
105758 9 425 58
58796 3 425 53
27784 6 426 39
106918 5 426 43
53264 4 427 39
9018 6 427 48
1637 4 427 45
92216 7 427 34
27013 7 428 47
22609 1 428 57
92712 5 428 33
12373 3 428 57
92722 1 429 42
71396 5 430 51
36687 2 430 38
73138 4 430 53
41588 9 431 47
27621 3 431 37
2090 7 432 51
37677 1 433 56
27677 6 433 43
97774 4 434 48
106280 1 434 43
64025 2 434 51
43402 10 435 41
41642 6 435 56
3417 9 436 49
13365 6 437 45
77088 5 437 52
79391 2 438 34
52919 10 439 40
63756 6 440 48
8983 8 441 41
9940 1 442 39
102220 9 442 47
16108 10 443 52
89251 3 444 48
41768 3 444 48
5465 3 445 34
70581 10 445 37
65587 3 445 43
4295 6 445 58
37382 9 446 52
4472 8 447 33
29604 4 448 37
2519 3 449 52
16119 7 450 43
42593 5 451 33
104834 7 452 32
23114 9 453 34
79394 7 454 54
33699 3 454 30
98127 3 455 60
26396 10 456 31
74722 10 456 30
98558 1 457 39
20525 4 458 52
17812 6 458 37
104942 3 459 58
88928 9 460 40
8014 2 461 52
106663 6 461 37
52667 4 462 30
105002 7 463 30
7064 1 463 40
92800 6 464 36
77830 7 464 33
7955 3 464 44
17153 5 464 49
100383 5 465 51
17472 1 466 53
48907 3 466 49
49697 8 466 38
41156 4 466 59
103851 7 466 48
30804 4 466 49
52547 3 467 48
57666 10 467 42
91904 5 467 35
106564 7 467 43
12816 5 468 57
91518 9 468 37
102342 8 469 36
98700 3 470 30
53052 9 471 34
7043 1 471 51
99746 1 471 36
86985 10 472 53
81972 2 473 43
61658 1 473 35
33401 10 474 51
563 5 475 31
22226 8 475 38
29358 8 476 35
78089 1 476 34
93248 3 476 60
53396 8 476 46
62022 7 477 34
79947 1 477 50
25533 10 478 31
75146 4 479 47
91849 1 479 60
50703 7 480 48
39577 6 480 48
36938 7 480 48
41614 8 481 36
16495 4 481 59
92904 1 482 60
84237 10 483 42
21014 7 484 54
92693 10 485 47
13522 10 486 38
85109 1 487 40
70908 8 487 32
88337 4 487 41
107282 8 488 51
105158 8 488 44
63724 8 489 30
49107 4 489 36
76372 10 490 35
5206 3 490 33
23190 4 491 42
29028 1 491 48
11422 6 492 42
65426 10 493 50
64034 7 493 38
52180 8 493 57
24350 1 493 40
33965 5 494 43
88609 8 494 34
1906 4 495 36
32573 4 496 49
34494 8 496 31
45054 5 496 38
10735 5 496 48
22952 3 497 58
93790 4 497 32
88950 4 497 34
55891 8 497 58
47432 7 497 37
68349 7 497 55
62202 3 498 45
30655 8 499 32
28801 10 499 57
31822 9 500 38
96649 1 500 55
87444 10 500 38
27408 6 500 58
55192 8 501 30
31200 9 502 36
96122 7 503 49
11594 8 503 35
1278 3 504 46
12078 8 505 43
93205 6 505 45
60469 4 506 48
40697 3 506 43
101910 8 506 36
101014 8 506 42
13321 7 506 44
56252 6 507 46
45875 5 508 55
88653 3 508 38
7948 10 508 60
55145 1 508 40
45942 10 509 46
3794 1 510 56
73749 2 511 54
18132 5 512 53
50875 3 513 60
55753 10 514 35
81694 10 515 37
43986 5 515 40
24437 5 516 32
10150 10 517 30
43214 4 518 44
78648 1 518 31
22003 4 518 45
44464 9 519 33
12265 10 519 55
22788 6 520 55
2995 4 521 58
62939 4 522 52
40206 6 523 36
56295 2 524 30
74538 5 524 36
27278 9 524 39
67024 10 525 54
60950 6 526 46
96000 7 526 31
99687 8 527 36
88971 6 528 60
50645 6 529 34
1896 3 529 53
57162 7 530 46
4924 8 530 41
47003 6 531 54
47611 6 531 48
88585 6 532 46
83188 5 533 34
85448 2 533 32
23988 9 533 54
88843 8 534 40
95601 10 534 50
21747 7 534 42
73250 2 535 54
18059 2 535 44
35272 4 535 53
104358 1 535 57
83932 7 535 44
105765 2 536 33
107015 7 537 53
51646 6 538 42
42574 10 539 47
54926 5 540 54
13479 3 541 30
35349 2 542 31
70925 10 543 51
104405 7 543 54
87793 9 543 43
22560 4 544 57
63206 4 544 33
3083 5 545 49
34310 8 546 35
73685 6 547 59
10852 4 547 47
98166 6 548 44
4554 6 549 58
5939 8 550 48
78078 8 550 30
63249 4 551 39
1975 5 551 42
33374 5 552 35
1854 7 552 43
1787 10 552 46
54962 2 553 60
67237 6 553 35
71254 6 554 59
43383 9 555 42
27116 10 555 54
67508 4 555 55
1296 8 556 52
76112 1 556 54
56595 1 556 58
86272 5 556 53
42522 2 556 37
101313 9 556 47
79311 3 557 60
62035 8 557 32
52557 5 557 51
16309 2 558 48
50404 6 558 43
89743 4 558 54
87561 8 559 47
52774 7 559 35
43803 10 559 51
31535 5 560 54
53749 8 561 33
19212 7 561 49
21955 6 562 55
30559 1 562 39
59064 1 563 45
731 8 563 34
45039 3 564 48
84524 7 565 34
66371 4 565 53
32678 2 566 39
81005 8 566 55
87244 3 566 60
107114 4 567 53
24725 7 568 46
79019 1 568 60
26887 4 569 52
36272 10 570 44
82395 9 570 30
21366 8 570 37
82218 6 571 36
58690 7 571 39
15982 2 571 45
6361 6 571 56
16038 5 572 56
14565 7 572 31
72372 10 573 55
31473 3 574 59
26155 2 575 53
34811 3 575 48
95635 7 576 45
94279 6 577 45
98184 2 577 40
90693 3 577 32
96112 3 578 45
75517 7 579 57
26052 9 579 53
95556 5 580 56
103497 2 581 38
67746 6 582 51
98605 4 583 30
30603 4 583 47
12956 9 583 56
24158 5 584 45
51268 7 584 40
50587 6 584 35
2816 8 584 32
13855 9 585 39
51556 8 586 33
102383 1 587 42
28579 6 588 31
87137 4 589 30
92262 8 589 55
22006 4 590 46
93532 4 591 54
35165 10 591 43
63507 3 591 46
25708 6 591 51
35346 3 592 35
3987 7 593 30
69698 1 593 56
103147 1 593 46
53538 7 594 30
91048 2 595 54
46657 3 595 37
19182 6 596 47
101318 5 597 50
18381 2 598 41
65386 6 598 55
34659 6 598 54
10909 3 599 54
81310 6 599 60
4566 10 600 41
42152 6 600 44
106432 7 601 59
25439 6 601 32
48102 9 601 58
96104 9 602 53
35497 6 603 41
72735 3 603 30
4326 6 603 37
65743 4 604 44
20378 4 605 49
45008 2 605 49
92098 6 605 31
35884 6 605 39
58334 8 606 50
54546 7 606 50
24594 5 607 41
77695 5 607 30
5881 1 607 51
64212 4 607 59
86307 1 608 37
39340 10 609 56
20430 6 609 50
104485 3 610 42
27623 6 611 49
54643 1 612 54
54267 7 613 48
67992 7 614 53
15125 4 614 54
82845 8 615 35
63696 1 615 42
7140 8 616 59
29490 1 617 45
58182 6 618 45
78565 8 618 57
29204 6 619 36
708 4 619 45
22297 2 619 53
57390 5 619 60
88057 7 620 35
68716 10 621 38
73370 9 622 34
3155 5 622 42
56283 1 623 54
24943 1 623 59
58899 6 624 47
45107 4 624 58
54674 3 624 51
92913 2 625 48
28458 4 626 43
19259 5 626 35
75963 8 626 33
99879 8 626 59
94130 5 627 58
83322 8 627 39
106054 4 628 53
73192 8 629 47
71155 9 630 55
47715 2 630 52
105351 2 630 38
91227 2 631 43
5561 9 631 39
69814 9 631 36
21218 9 632 52
41808 5 632 33
103202 3 633 31
97899 3 633 49
70999 7 633 53
32345 5 634 59
32660 6 635 38
90791 8 636 52
28728 10 636 53
63043 3 637 52
106351 7 638 52
84297 8 638 51
29990 4 639 42
8164 10 640 32
68077 5 641 58
10341 4 641 54
48545 7 642 36
2315 8 642 35
29955 5 642 38
100764 6 643 45
28160 6 644 40
44627 3 645 46
15854 5 645 60
90525 2 645 51
8406 9 645 31
63599 3 646 38
41043 8 647 33
36234 2 648 57
17898 3 648 52
53326 4 648 52
11491 6 648 48
96553 1 649 51
79923 10 649 33
5668 8 650 43
66686 6 651 58
24941 8 651 30
90468 4 652 30
16220 3 653 33
19229 2 654 50
107520 4 655 58
53110 8 655 38
2965 7 655 38
53365 10 656 43
20848 1 657 33
9734 2 658 43
64424 6 658 46
81938 4 659 54
51690 9 660 56
91386 1 660 50
19916 6 661 51
94995 8 662 56
81240 9 663 39
41332 3 664 58
24397 9 664 31
41672 5 664 48
93881 5 665 57
78936 5 665 36
94564 2 666 40
13349 7 667 34
86176 10 667 59
58344 9 667 50
7596 2 667 34
87269 7 667 45
103494 2 667 48
87741 6 667 49
99998 2 668 52
31891 1 669 38
72113 4 669 52
38975 3 670 31
22719 3 670 51
56854 2 671 36
81367 9 671 54
98835 10 672 57
82215 8 673 53
81327 1 674 53
98231 10 675 53
19306 7 676 59
60802 8 676 30
77777 3 676 57
6548 10 677 54
1755 4 678 44
36754 9 679 38
78656 6 679 60
1092 2 680 31
5426 10 681 45
75379 1 681 31
